Nr.	Phase	Area [µm²]	d [µm]	l	Xcg	Ycg	Major [µm]	Aspect ratio	Slope	GOS [°]	MOS [°]	Mean E1 [°]	Mean E2 [°]	Mean E3 [°]	In current dataset	Border grain
1	Iron bcc (old)	13.48	4.1429	2	6.69	10.94	5.0436	1.4821	81.752	0.57	1.76	15.06	44.19	61.37	True	corner
2	Iron bcc (old)	54.32	8.3164	5	47.80	9.74	14.222	2.9247	1.3267	1.16	7.30	31.60	24.72	35.08	True	edge
3	Iron bcc (old)	87.52	10.556	8	109.67	17.59	13.455	1.6245	14.807	1.97	4.22	232.24	27.22	32.41	True	edge
4	Iron bcc (old)	4.08	2.2792	3	149.73	6.16	2.625	1.3265	65.145	0.52	1.44	230.18	28.68	24.13	True	edge
5	Iron bcc (old)	15.92	4.5022	3	174.56	4.17	9.0556	4.0456	1.3248	0.99	6.44	334.31	3.10	17.25	True	edge
6	Iron bcc (old)	17.44	4.7122	5	210.11	14.65	7.4983	2.532	126.01	0.56	1.58	63.83	35.52	5.91	True	edge
7	Iron bcc (old)	142.68	13.478	5	271.73	19.50	22.622	2.8171	169.39	1.12	5.96	351.74	26.26	86.97	True	edge
8	Iron bcc (old)	21.68	5.2539	3	322.59	4.12	11.855	5.0913	178.12	0.83	2.10	334.79	50.56	43.26	True	edge
9	Iron bcc (old)	17.96	4.782	3	364.73	7.68	6.2472	1.7067	14.961	0.78	2.20	331.85	17.08	61.80	True	edge
10	Iron bcc (old)	121.36	12.431	6	423.17	13.59	25.918	4.3473	5.5512	2.37	10.96	357.39	30.70	42.28	True	edge
11	Iron bcc (old)	94.12	10.947	8	549.05	10.80	21.504	3.8587	1.446	0.69	2.18	207.91	49.31	44.92	True	edge
12	Iron bcc (old)	20.08	5.0563	4	616.15	14.92	6.665	1.7375	109.31	3.96	5.08	248.00	46.79	33.99	True	edge
13	Iron bcc (old)	46.6	7.7028	6	476.47	25.58	12.922	2.8144	24.531	4.70	11.32	5.74	49.97	42.64	True	no
14	Iron bcc (old)	129.72	12.852	7	178.93	35.27	14.788	1.324	161.6	1.11	3.30	225.11	44.50	39.76	True	no
15	Iron bcc (old)	84.12	10.349	9	346.92	33.01	12.742	1.5159	166.85	6.50	16.80	2.12	38.47	47.45	True	no
16	Iron bcc (old)	6.28	2.8277	3	604.03	17.64	4.0928	2.0949	151.18	0.45	1.41	10.58	46.76	43.49	True	no
17	Iron bcc (old)	22.32	5.3309	5	11.63	30.41	7.1546	1.8012	49.748	2.55	4.47	230.35	43.26	39.04	True	edge
18	Iron bcc (old)	5.64	2.6798	4	70.62	22.56	3.8255	2.0379	13.594	0.56	1.21	55.50	30.29	16.31	True	no
19	Iron bcc (old)	233.8	17.254	20	564.57	61.82	21.092	1.4945	170.52	7.30	20.28	223.90	45.04	40.96	True	no
20	Iron bcc (old)	4.92	2.5029	3	501.84	23.95	3.7669	2.2651	15.764	1.31	7.41	250.91	52.51	49.23	True	no
21	Iron bcc (old)	39.68	7.1079	9	36.42	37.77	10.277	2.0904	45.355	0.91	2.24	212.87	47.69	40.14	True	no
22	Iron bcc (old)	8	3.1915	4	577.22	29.02	4.0063	1.5758	106.93	1.78	3.27	11.56	48.61	36.83	True	no
23	Iron bcc (old)	156.44	14.113	15	137.50	87.69	22.484	2.538	85.669	4.62	6.11	48.76	43.58	38.41	True	no
24	Iron bcc (old)	79.12	10.037	14	479.76	51.86	16.29	2.6341	32.888	4.32	11.99	237.37	47.65	34.86	True	no
25	Iron bcc (old)	20.88	5.1561	4	430.15	36.08	5.7877	1.26	145.73	0.48	1.19	232.36	48.22	42.52	True	no
26	Iron bcc (old)	33.32	6.5134	8	76.57	42.96	8.3425	1.6405	122.06	0.91	2.31	226.02	51.68	40.63	True	no
27	Iron bcc (old)	101.76	11.383	8	254.29	55.38	12.361	1.1793	2.9572	1.27	4.20	239.82	43.55	14.91	True	no
28	Iron bcc (old)	69.76	9.4245	10	415.22	51.33	13.018	1.9079	161.77	3.16	8.54	221.60	47.45	44.76	True	no
29	Iron bcc (old)	17.24	4.6852	4	221.09	45.84	5.7352	1.4985	85.942	0.93	2.42	236.67	32.91	17.81	True	no
30	Iron bcc (old)	4.12	2.2904	4	448.00	39.04	2.9734	1.6854	136.97	2.77	5.10	5.56	48.32	41.69	True	no
31	Iron bcc (old)	14.56	4.3056	3	618.06	44.22	5.6693	1.7337	84.922	0.50	1.17	231.25	49.94	43.70	True	edge
32	Iron bcc (old)	11.04	3.7492	3	566.67	42.03	4.1737	1.2393	19.344	0.50	1.44	17.01	37.99	47.02	True	no
33	Iron bcc (old)	19.56	4.9904	5	47.82	51.11	6.9158	1.9205	56.405	0.76	2.05	224.78	34.67	34.30	True	no
34	Iron bcc (old)	6.2	2.8096	4	14.48	45.31	3.8148	1.8435	49.571	0.46	1.37	216.49	49.65	49.13	True	no
35	Iron bcc (old)	1.56	1.4093	2	513.49	40.49	1.5495	1.2087	144.31	0.84	2.26	4.28	50.10	42.59	True	no
36	Iron bcc (old)	5.72	2.6987	3	580.45	44.95	3.439	1.6239	54.132	3.28	6.72	30.90	38.59	31.44	True	no
37	Iron bcc (old)	4.96	2.513	3	93.65	47.99	3.5316	1.9749	73.028	0.45	1.16	43.46	41.89	47.15	True	no
38	Iron bcc (old)	38.6	7.0105	6	113.61	57.03	8.7893	1.5718	175.51	1.90	7.47	234.73	44.53	26.96	True	no
39	Iron bcc (old)	12.88	4.0496	4	63.22	55.52	5.0159	1.5341	98.552	0.59	1.39	224.88	41.76	38.98	True	no
40	Iron bcc (old)	21.84	5.2733	4	306.34	52.27	7.4333	1.987	13.596	0.86	2.42	296.48	35.85	57.87	True	no
41	Iron bcc (old)	18.64	4.8717	4	380.29	55.73	5.7468	1.3915	141.24	2.04	6.91	254.80	41.22	21.92	True	no
42	Iron bcc (old)	3.04	1.9674	3	3.45	52.01	2.0213	1.0556	158.37	2.26	8.46	221.16	43.27	31.49	True	edge
43	Iron bcc (old)	228.52	17.058	12	341.74	100.90	20.066	1.3838	139.76	2.88	13.20	226.18	48.87	35.40	True	no
44	Iron bcc (old)	18.08	4.7979	4	370.87	64.36	8.0586	2.821	137.41	4.28	7.63	116.07	42.77	64.45	True	no
45	Iron bcc (old)	7.08	3.0024	4	497.02	57.34	4.1634	1.9229	73.877	1.79	3.77	34.32	41.31	40.41	True	no
46	Iron bcc (old)	10.24	3.6108	4	8.59	61.41	4.5207	1.5675	36.347	0.43	1.22	20.35	13.19	58.73	True	edge
47	Iron bcc (old)	2.6	1.8195	3	489.83	59.40	2.2368	1.5113	73.413	0.35	1.19	210.61	39.53	45.96	True	no
48	Iron bcc (old)	16.64	4.6029	3	612.09	66.70	6.3242	1.8878	32.899	3.33	7.05	237.97	46.06	30.45	True	edge
49	Iron bcc (old)	49.6	7.9469	6	201.84	71.94	12.069	2.3066	8.8243	0.85	2.55	300.33	52.77	41.21	True	no
50	Iron bcc (old)	9.4	3.4595	4	11.66	71.22	5.597	2.6175	31.957	1.38	2.85	234.45	41.77	21.18	True	edge
51	Iron bcc (old)	15.6	4.4567	6	30.84	70.14	5.1041	1.3116	26.996	0.50	1.40	67.90	48.44	35.84	True	no
52	Iron bcc (old)	41	7.2252	7	535.08	79.69	8.9386	1.5305	136.66	0.64	2.06	215.06	44.18	38.57	True	no
53	Iron bcc (old)	18.52	4.856	6	78.59	71.64	6.0796	1.5675	2.316	0.41	1.31	161.32	44.61	26.28	True	no
54	Iron bcc (old)	9.2	3.4225	5	425.87	71.38	3.4732	1.0298	91.803	0.72	2.76	101.50	45.29	76.49	True	no
55	Iron bcc (old)	17.56	4.7284	6	483.39	74.77	4.9641	1.1022	175.33	0.71	1.83	36.18	18.95	35.28	True	no
56	Iron bcc (old)	16.2	4.5416	5	52.55	74.44	5.1376	1.2796	14.045	0.61	1.97	316.51	32.64	51.17	True	no
57	Iron bcc (old)	40.48	7.1792	7	98.88	85.47	9.497	1.7499	54.915	3.98	5.54	78.01	47.08	36.43	True	no
58	Iron bcc (old)	212.08	16.433	19	418.11	124.25	24.85	2.2869	117.82	3.10	10.55	229.63	52.55	41.51	True	no
59	Iron bcc (old)	4.68	2.4411	3	409.18	72.30	3.0027	1.5131	163.15	0.87	1.87	122.92	35.65	71.22	True	no
60	Iron bcc (old)	7.24	3.0362	4	446.02	73.09	4.1593	1.8767	9.4763	0.60	1.98	67.84	22.79	23.09	True	no
61	Iron bcc (old)	20.6	5.1214	4	619.17	91.37	8.8993	3.0195	88.5	2.51	5.17	227.55	46.54	42.15	True	edge
62	Iron bcc (old)	13.28	4.112	2	266.75	78.98	5.3608	1.6996	36.404	0.61	1.47	89.76	51.89	49.24	True	no
63	Iron bcc (old)	176.36	14.985	10	274.89	104.69	21.77	2.1106	7.1403	4.22	9.86	101.77	44.56	55.52	True	no
64	Iron bcc (old)	2.12	1.6429	3	470.09	77.36	3.3573	4.1756	120.29	2.80	7.06	225.01	41.25	42.12	True	no
65	Iron bcc (old)	36.92	6.8562	8	446.63	94.79	8.8971	1.6839	142.16	1.76	9.41	105.95	49.53	56.89	True	no
66	Iron bcc (old)	60.88	8.8043	4	11.38	107.90	14.285	2.6325	81.917	0.88	2.18	35.37	46.06	56.48	True	edge
67	Iron bcc (old)	9	3.3851	3	555.71	90.32	5.6553	2.7909	100.24	2.18	2.95	209.87	44.83	52.21	True	no
68	Iron bcc (old)	98.8	11.216	8	47.66	107.50	12.395	1.2212	58.219	1.69	8.97	30.50	39.65	54.27	True	no
69	Iron bcc (old)	121.92	12.459	8	185.30	102.09	19.236	2.3836	174.74	2.23	6.26	213.30	50.19	52.11	True	no
70	Iron bcc (old)	14.04	4.228	7	482.17	91.87	5.8313	1.9022	14.17	3.20	5.03	246.52	47.33	24.96	True	no
71	Iron bcc (old)	3.6	2.1409	3	462.96	89.14	2.9998	1.9632	173.03	0.43	1.44	214.25	49.16	45.75	True	no
72	Iron bcc (old)	18.04	4.7926	5	519.29	101.23	7.3933	2.3798	116.19	3.73	5.59	205.67	47.03	53.66	True	no
73	Iron bcc (old)	18	4.7873	3	77.15	103.52	5.5346	1.3366	106.9	0.38	1.21	39.48	51.12	45.63	True	no
74	Iron bcc (old)	164.48	14.471	17	520.43	138.80	16.24	1.2593	17.455	2.26	11.95	214.90	48.21	51.61	True	no
75	Iron bcc (old)	34.52	6.6296	8	488.21	109.68	8.6281	1.6938	44.341	0.99	2.67	54.03	37.73	25.83	True	no
76	Iron bcc (old)	3.44	2.0928	2	538.98	95.83	2.636	1.5864	152.71	0.44	1.02	235.55	45.89	30.70	True	no
77	Iron bcc (old)	45.6	7.6197	9	575.12	114.63	9.3063	1.4917	160.51	2.96	10.02	116.17	49.27	50.05	True	no
78	Iron bcc (old)	4.36	2.3561	3	510.18	104.90	2.9119	1.5274	91.226	0.35	1.27	94.26	40.95	68.78	True	no
79	Iron bcc (old)	4.04	2.268	4	466.34	104.63	2.6139	1.3282	122.75	2.95	7.41	102.49	46.21	71.56	True	no
80	Iron bcc (old)	1.56	1.4093	2	225.85	105.15	1.9313	1.8778	75.317	0.33	0.60	249.12	40.23	23.73	True	no
81	Iron bcc (old)	18.08	4.7979	5	110.10	114.38	6.0271	1.578	137.16	0.78	2.68	280.73	29.67	84.67	True	no
82	Iron bcc (old)	2.72	1.861	3	547.91	110.84	1.9764	1.1279	65.773	0.52	1.65	334.14	53.25	44.54	True	no
83	Iron bcc (old)	10.32	3.6249	5	608.92	116.99	3.8922	1.1529	43.769	0.72	1.63	341.87	46.97	43.94	True	no
84	Iron bcc (old)	11.24	3.783	6	464.55	119.39	4.2369	1.2544	84.893	0.53	1.36	217.71	44.92	53.67	True	no
85	Iron bcc (old)	31.16	6.2987	8	88.16	126.10	7.6144	1.4614	12.589	0.89	2.23	307.60	34.59	74.51	True	no
86	Iron bcc (old)	13.28	4.112	5	619.90	130.11	5.9984	2.1279	86.169	1.04	2.69	187.03	35.94	47.50	True	edge
87	Iron bcc (old)	7.64	3.1189	3	231.88	126.20	4.4259	2.0138	135.53	0.43	1.26	110.53	44.72	55.12	True	no
88	Iron bcc (old)	51.08	8.0646	6	172.92	132.31	11.184	1.9233	12.295	0.58	1.67	60.95	46.69	40.95	True	no
89	Iron bcc (old)	10.56	3.6668	7	600.32	131.31	4.2297	1.3306	58.184	3.19	5.11	234.24	50.09	44.12	True	no
90	Iron bcc (old)	1.88	1.5472	3	109.32	128.38	1.7865	1.3333	102.12	0.28	1.06	43.10	41.09	41.82	True	no
91	Iron bcc (old)	9.8	3.5324	4	299.44	132.67	4.1186	1.3595	144.1	0.77	4.10	98.67	39.16	74.35	True	no
92	Iron bcc (old)	3.28	2.0436	4	476.52	129.68	3.0581	2.2394	151.76	3.04	4.35	227.65	48.81	35.03	True	no
93	Iron bcc (old)	17.2	4.6797	4	204.86	137.15	5.3624	1.313	26.991	0.99	2.93	221.61	46.81	37.93	True	no
94	Iron bcc (old)	42.48	7.3544	9	218.08	151.49	10	1.849	46.797	2.08	6.26	120.16	40.26	52.84	True	no
95	Iron bcc (old)	6.48	2.8724	3	265.06	133.93	3.5859	1.5585	92.062	1.27	3.75	91.30	37.83	84.79	True	no
96	Iron bcc (old)	4.28	2.3344	6	114.57	134.09	2.9122	1.5562	177.06	3.48	7.40	300.82	23.21	67.69	True	no
97	Iron bcc (old)	1.64	1.445	3	565.88	130.73	2.4519	2.8791	163.89	0.50	1.24	209.76	34.70	39.45	True	no
98	Iron bcc (old)	16.24	4.5472	6	457.17	140.72	7.3627	2.6216	34.698	4.43	6.92	88.65	44.54	77.16	True	no
99	Iron bcc (old)	265.12	18.373	14	585.70	185.42	20.725	1.2724	107.22	1.86	9.23	110.63	52.08	49.40	True	edge
100	Iron bcc (old)	102.32	11.414	7	33.93	154.20	15.14	1.7595	16.824	1.04	2.55	229.87	51.45	41.53	True	edge
101	Iron bcc (old)	81.68	10.198	8	346.59	152.93	14.542	2.0333	153.14	1.84	8.56	122.64	49.21	47.75	True	no
102	Iron bcc (old)	9.08	3.4001	4	290.75	142.70	4.2574	1.5678	137.78	2.36	4.11	129.22	36.36	50.02	True	no
103	Iron bcc (old)	66.8	9.2224	9	401.96	160.23	12.12	1.727	43.791	0.80	2.27	132.14	45.25	30.18	True	no
104	Iron bcc (old)	4.68	2.4411	4	610.09	140.03	3.9061	2.5606	159.28	0.38	1.45	106.24	47.53	47.79	True	no
105	Iron bcc (old)	45	7.5694	8	90.15	151.37	9.0508	1.4297	176.65	1.47	5.09	332.41	22.58	24.08	True	no
106	Iron bcc (old)	10.08	3.5825	6	465.40	149.56	5.7655	2.59	66.847	2.05	6.65	114.64	41.03	57.30	True	no
107	Iron bcc (old)	11.16	3.7695	4	116.16	145.88	4.5063	1.4291	15.077	0.58	1.57	323.96	16.05	29.53	True	no
108	Iron bcc (old)	5.6	2.6702	2	430.41	144.86	3.4111	1.6319	130.7	0.46	1.44	116.38	44.71	38.92	True	no
109	Iron bcc (old)	194.68	15.744	16	275.85	171.84	22.562	2.0537	14.878	5.69	13.24	124.14	42.67	47.23	True	no
110	Iron bcc (old)	8.76	3.3397	4	605.36	147.82	4.2769	1.64	168.41	1.04	3.96	238.82	36.05	20.36	True	no
111	Iron bcc (old)	2.12	1.6429	2	229.70	146.11	2.0564	1.5666	115.93	3.07	5.23	125.56	35.02	54.52	True	no
112	Iron bcc (old)	6.84	2.9511	3	589.64	149.33	3.315	1.2618	111.01	0.86	1.84	229.74	49.73	34.45	True	no
113	Iron bcc (old)	2.48	1.777	3	177.68	146.97	2.7769	2.4421	162.25	2.05	8.02	104.56	35.32	75.39	True	no
114	Iron bcc (old)	6.04	2.7732	5	192.81	150.68	3.301	1.4169	168.09	0.53	1.01	261.57	44.22	16.43	True	no
115	Iron bcc (old)	160.64	14.302	14	189.44	190.34	16.109	1.2688	105.29	4.09	7.24	248.46	49.42	33.30	True	no
116	Iron bcc (old)	4.64	2.4306	5	124.42	153.80	3.9297	2.6139	25.291	4.00	11.54	276.06	23.74	88.02	True	no
117	Iron bcc (old)	11.84	3.8827	5	470.82	165.80	6.9509	3.205	97.405	3.27	4.15	105.65	45.77	62.25	True	no
118	Iron bcc (old)	18.68	4.8769	6	155.71	170.07	7.823	2.5731	113.15	4.64	9.66	105.12	44.08	67.68	True	no
119	Iron bcc (old)	1.48	1.3727	2	128.84	155.81	1.6116	1.3784	169.65	0.34	0.77	10.80	5.33	60.30	True	no
120	Iron bcc (old)	1.84	1.5306	2	299.85	158.76	2.5823	2.8464	93.304	0.70	1.12	244.08	44.05	17.96	True	no
121	Iron bcc (old)	1.6	1.4273	3	457.17	157.20	2.1683	2.3079	117.45	1.72	2.53	109.58	46.20	59.60	True	no
122	Iron bcc (old)	1.72	1.4799	5	140.86	159.88	2.0154	1.8547	76.398	3.32	5.92	193.06	13.61	81.27	True	no
123	Iron bcc (old)	24.12	5.5417	3	502.82	166.81	7.0116	1.6009	167.16	0.34	1.17	121.34	47.83	53.59	True	no
124	Iron bcc (old)	25.28	5.6734	9	118.95	169.84	7.4796	1.7381	30.103	4.61	8.86	94.51	44.95	71.38	True	no
125	Iron bcc (old)	2.12	1.6429	3	145.09	165.57	2.0414	1.5439	107.7	0.86	1.57	294.85	28.36	69.28	True	no
126	Iron bcc (old)	44	7.4848	8	55.80	188.92	13.452	3.2302	43.813	4.00	6.70	203.68	30.37	29.26	True	no
127	Iron bcc (old)	3.8	2.1996	3	448.53	173.95	4.3276	3.8707	105.2	1.39	4.26	235.27	37.75	27.48	True	no
128	Iron bcc (old)	56.8	8.5041	5	11.48	208.37	12.054	2.009	91.15	3.70	9.06	190.75	48.53	39.09	True	edge
129	Iron bcc (old)	22	5.2926	4	91.17	177.01	5.7023	1.1608	128.79	0.72	1.72	13.92	35.71	56.40	True	no
130	Iron bcc (old)	19	4.9185	6	138.60	178.77	5.2276	1.1296	156	0.99	4.12	221.36	41.34	43.25	True	no
131	Iron bcc (old)	7.8	3.1514	5	460.65	175.67	3.5087	1.2396	77.085	0.61	1.56	240.07	45.23	30.73	True	no
132	Iron bcc (old)	188.72	15.501	21	524.20	233.75	20.151	1.6898	136.74	5.01	10.35	212.86	45.68	51.67	True	no
133	Iron bcc (old)	4.48	2.3883	3	411.64	174.71	4.4406	3.457	36.237	0.35	0.76	100.87	48.40	39.06	True	no
134	Iron bcc (old)	30	6.1804	3	35.84	182.77	8.9002	2.0738	18.588	0.85	2.18	185.09	34.84	34.11	True	no
135	Iron bcc (old)	35.72	6.7439	5	326.03	191.26	11.78	3.0511	40.459	6.50	8.46	104.84	45.71	56.21	True	no
136	Iron bcc (old)	14.88	4.3527	6	375.13	185.22	5.6151	1.6642	109.08	3.21	6.49	232.89	36.58	26.83	True	no
137	Iron bcc (old)	6.28	2.8277	2	207.75	179.13	3.3416	1.3965	38.624	2.00	3.07	121.08	52.45	47.76	True	no
138	Iron bcc (old)	22.36	5.3357	5	520.62	188.81	5.9657	1.2501	62.479	2.06	7.06	233.63	38.64	31.21	True	no
139	Iron bcc (old)	5.76	2.7081	5	410.33	184.43	3.4146	1.5898	48.337	0.66	1.62	54.83	31.28	25.10	True	no
140	Iron bcc (old)	21.16	5.1905	7	543.29	201.02	8.4073	2.6235	101.9	2.43	7.74	232.18	46.87	35.56	True	no
141	Iron bcc (old)	62.2	8.8992	8	460.23	204.85	11.967	1.8082	57.641	2.72	6.96	216.71	46.58	44.47	True	no
142	Iron bcc (old)	38.52	7.0032	7	101.55	199.89	7.6406	1.1903	161.94	1.02	3.09	291.02	14.80	81.29	True	no
143	Iron bcc (old)	6.24	2.8187	4	359.35	190.47	3.2235	1.3078	63.877	1.43	2.52	232.78	49.28	33.84	True	no
144	Iron bcc (old)	12.52	3.9926	5	124.36	193.88	4.9631	1.5452	92.418	0.42	1.12	105.17	38.65	62.18	True	no
145	Iron bcc (old)	68.24	9.3213	7	281.41	203.84	10.714	1.3213	160.49	1.27	9.20	253.21	50.84	35.83	True	no
146	Iron bcc (old)	35.6	6.7326	8	146.61	201.47	7.9981	1.4113	28.934	1.49	6.94	94.25	40.41	88.34	True	no
147	Iron bcc (old)	26.56	5.8153	9	391.12	212.56	8.8564	2.3194	112.34	4.83	8.51	248.39	43.63	17.08	True	no
148	Iron bcc (old)	1.6	1.4273	4	398.67	188.48	1.6053	1.265	39.135	0.66	5.22	243.00	41.74	29.16	True	no
149	Iron bcc (old)	3.2	2.0185	4	533.67	195.20	3.1776	2.4781	77.518	0.30	0.75	214.08	50.80	36.84	True	no
150	Iron bcc (old)	1.48	1.3727	2	538.38	189.57	2.0031	2.1293	99.599	0.91	2.48	121.72	47.39	48.33	True	no
151	Iron bcc (old)	44.72	7.5458	6	81.35	211.95	11.707	2.4071	131.78	0.93	2.55	0.24	50.03	51.85	True	no
152	Iron bcc (old)	64	9.027	13	419.66	210.60	10.883	1.4534	141.5	4.17	10.76	223.81	43.07	38.35	True	no
153	Iron bcc (old)	2.4	1.7481	4	367.87	192.77	1.8765	1.1523	71.328	0.67	1.81	232.42	41.08	30.92	True	no
154	Iron bcc (old)	11.32	3.7965	2	213.24	201.68	4.7494	1.565	114.79	0.54	1.62	222.40	49.56	58.45	True	no
155	Iron bcc (old)	53.12	8.224	7	345.28	207.90	10.04	1.4905	160.93	0.78	2.25	243.67	49.68	36.52	True	no
156	Iron bcc (old)	20.56	5.1164	4	243.09	204.70	5.6605	1.224	89.708	3.86	7.85	122.54	36.37	56.21	True	no
157	Iron bcc (old)	34.2	6.5988	9	371.95	225.31	8.023	1.4782	86.8	4.14	13.21	246.17	34.69	16.08	True	no
158	Iron bcc (old)	42.12	7.3232	5	486.27	216.06	9.1689	1.5676	36.625	1.05	3.35	118.36	34.53	71.29	True	no
159	Iron bcc (old)	3.2	2.0185	3	391.38	204.64	2.6313	1.6993	95.342	0.28	1.04	136.24	44.39	45.86	True	no
160	Iron bcc (old)	106.72	11.657	11	50.63	235.04	11.881	1.0389	160.64	1.88	4.86	11.22	39.95	60.75	True	no
161	Iron bcc (old)	5.16	2.5632	5	121.12	212.25	3.0575	1.4229	5.2341	0.29	1.38	100.99	51.82	46.91	True	no
162	Iron bcc (old)	13.96	4.216	5	311.77	222.82	6.5854	2.4399	33.845	1.96	6.23	233.52	29.45	17.48	True	no
163	Iron bcc (old)	15.44	4.4338	5	263.33	223.53	5.9541	1.8033	141.45	2.54	5.48	110.65	43.80	56.41	True	no
164	Iron bcc (old)	2.32	1.7187	3	393.88	214.79	1.9686	1.3119	86.73	1.88	4.97	237.92	40.49	26.83	True	no
165	Iron bcc (old)	2.12	1.6429	4	162.60	217.17	2.1083	1.6467	103.46	0.53	1.43	305.90	40.79	52.15	True	no
166	Iron bcc (old)	61.2	8.8274	8	165.52	244.41	10.878	1.5187	138.04	1.62	6.20	135.56	43.52	44.88	True	no
167	Iron bcc (old)	2.72	1.861	2	426.81	219.10	2.0684	1.2354	72.058	0.61	2.05	228.87	40.03	17.52	True	no
168	Iron bcc (old)	18.92	4.9081	5	130.68	225.09	5.7592	1.3769	5.7273	1.52	3.84	75.97	36.89	13.85	True	no
169	Iron bcc (old)	14.44	4.2878	3	620.03	235.74	7.8075	3.3155	84.895	1.86	3.48	118.74	48.28	52.14	True	edge
170	Iron bcc (old)	20.28	5.0815	6	242.78	229.66	5.5576	1.1962	22.751	0.70	2.38	70.83	43.69	33.52	True	no
171	Iron bcc (old)	4.68	2.4411	5	111.79	222.75	3.1288	1.6429	44.473	0.46	1.51	103.74	39.64	67.20	True	no
172	Iron bcc (old)	13.36	4.1244	3	546.31	228.19	5.0922	1.5244	95.114	0.41	0.83	107.45	42.81	57.57	True	no
173	Iron bcc (old)	40.8	7.2075	6	334.22	235.93	8.7518	1.4744	161.12	0.96	2.08	134.70	49.59	40.30	True	no
174	Iron bcc (old)	8.48	3.2859	3	164.81	229.45	3.7305	1.2889	157.01	0.45	1.22	107.14	39.72	60.33	True	no
175	Iron bcc (old)	1.48	1.3727	4	277.38	228.00	2.2724	2.7404	73.001	0.36	0.94	233.97	49.50	38.48	True	no
176	Iron bcc (old)	2.28	1.7038	3	427.53	227.68	1.893	1.2344	57.48	0.30	0.85	247.12	34.43	8.42	True	no
177	Iron bcc (old)	62.92	8.9505	9	293.02	254.72	11.304	1.5951	72.892	2.73	6.96	243.74	46.29	25.18	True	edge
178	Iron bcc (old)	19.2	4.9443	7	207.74	237.23	7.3282	2.1968	21.795	5.52	12.63	81.02	42.79	6.93	True	no
179	Iron bcc (old)	7.8	3.1514	3	489.40	233.08	3.9742	1.5903	15.725	0.81	5.24	214.00	33.58	46.14	True	no
180	Iron bcc (old)	95.88	11.049	8	131.03	259.15	14.461	1.7129	155.79	2.31	5.43	119.63	43.41	64.58	True	edge
181	Iron bcc (old)	6.8	2.9425	3	392.86	236.22	3.3909	1.3281	71.59	2.34	3.06	91.88	43.19	82.85	True	no
182	Iron bcc (old)	5.64	2.6798	4	420.13	235.15	2.7116	1.0239	144.79	0.43	2.04	118.62	28.52	66.80	True	no
183	Iron bcc (old)	45.44	7.6063	8	448.93	247.89	10.675	1.9696	33.247	4.95	8.82	95.83	45.63	69.71	True	no
184	Iron bcc (old)	49.12	7.9083	10	405.87	262.50	8.6943	1.2087	139.17	4.94	10.49	253.80	43.51	12.59	True	edge
185	Iron bcc (old)	16.08	4.5248	4	98.19	241.52	5.0656	1.2533	138.45	1.68	3.57	2.35	11.83	71.46	True	no
186	Iron bcc (old)	33.12	6.4938	5	593.74	247.50	7.9211	1.4879	43.39	0.93	1.93	218.03	47.81	34.16	True	no
187	Iron bcc (old)	2.08	1.6274	3	576.94	235.21	2.1347	1.7206	168.6	0.22	0.39	216.24	50.26	48.51	True	no
188	Iron bcc (old)	54.92	8.3622	9	258.91	253.70	9.5386	1.3012	36.498	0.79	2.50	287.42	41.87	63.61	True	no
189	Iron bcc (old)	17.88	4.7713	4	13.40	246.79	5.4386	1.2993	9.8398	0.86	2.55	349.88	44.02	54.42	True	edge
190	Iron bcc (old)	10.28	3.6179	5	227.81	243.01	4.8892	1.8263	3.703	0.42	1.29	219.25	41.08	41.21	True	no
191	Iron bcc (old)	6.28	2.8277	5	478.84	243.38	3.1048	1.2056	39.592	0.49	1.37	106.18	37.80	71.66	True	no
192	Iron bcc (old)	5.64	2.6798	2	553.96	247.16	4.3909	2.6849	65.634	3.42	6.17	110.23	45.13	54.96	True	no
193	Iron bcc (old)	42.6	7.3648	5	356.99	261.11	9.0378	1.5059	56.196	2.46	5.50	111.22	45.37	58.58	True	edge
194	Iron bcc (old)	24.16	5.5463	4	420.03	256.37	7.195	1.6829	76.977	0.56	1.69	232.20	49.96	40.19	True	no
195	Iron bcc (old)	12.72	4.0244	6	86.73	252.09	4.738	1.3861	132.11	0.74	1.82	139.72	41.44	40.40	True	no
196	Iron bcc (old)	25	5.6419	3	379.42	259.96	8.3389	2.1846	73.526	2.23	8.22	249.81	36.43	5.45	True	edge
197	Iron bcc (old)	6.76	2.9338	4	207.24	250.37	3.4944	1.4187	43.52	0.37	1.59	216.86	29.74	46.14	True	no
198	Iron bcc (old)	9.48	3.4742	2	281.47	256.85	5.7119	2.703	76.463	4.19	5.90	276.15	41.74	89.09	True	no
199	Iron bcc (old)	31	6.2825	4	323.79	259.66	7.1099	1.2807	8.7701	0.53	2.09	251.47	42.56	11.35	True	no
200	Iron bcc (old)	2.36	1.7334	4	73.95	252.39	2.3042	1.7669	66.468	0.91	4.76	318.27	46.37	56.85	True	no
201	Iron bcc (old)	21.48	5.2296	5	225.21	259.00	6.3508	1.4747	167.14	0.81	2.08	294.33	44.86	74.22	True	no
202	Iron bcc (old)	44.4	7.5188	4	603.12	268.14	10.973	2.1297	15.068	0.77	2.18	99.22	51.08	50.08	True	corner
203	Iron bcc (old)	26.92	5.8545	7	464.93	264.78	7.4568	1.6223	30.419	4.11	8.71	219.51	36.56	39.16	True	edge
204	Iron bcc (old)	19.72	5.0108	3	9.87	266.52	5.3739	1.1502	49.728	1.77	9.07	187.49	41.26	38.33	True	corner
205	Iron bcc (old)	7.48	3.0861	6	29.52	261.73	4.0106	1.6889	125.02	3.01	7.76	103.30	47.84	36.72	True	no
206	Iron bcc (old)	30.08	6.1886	6	192.78	267.34	7.7517	1.5689	5.3686	1.04	2.99	144.26	45.53	47.64	True	edge
207	Iron bcc (old)	6.68	2.9164	4	79.81	265.05	4.0701	1.9477	111.27	3.23	5.15	85.76	51.21	39.92	True	no
208	Iron bcc (old)	5.12	2.5532	5	68.82	264.55	2.7301	1.1433	98.967	1.11	3.12	88.20	45.66	41.60	True	no
209	Iron bcc (old)	5.4	2.6221	3	549.87	265.01	3.3732	1.6549	119.81	0.40	1.24	92.37	42.66	52.10	True	no
210	Iron bcc (old)	18.12	4.8032	5	92.45	273.57	7.9504	2.7397	175.51	3.75	6.73	255.28	11.23	7.67	True	edge
211	Iron bcc (old)	23.68	5.4909	4	536.13	272.10	8.62	2.4645	171.38	1.57	6.72	214.50	35.73	47.65	True	edge
212	Iron bcc (old)	5.84	2.7269	3	447.90	269.72	3.1238	1.3123	167.32	0.31	0.96	237.45	40.43	18.54	True	no
213	Iron bcc (old)	2	1.5958	4	44.38	266.94	1.9902	1.5555	147.86	0.39	1.11	89.47	47.49	45.27	True	no
214	Iron bcc (old)	2.56	1.8054	3	54.50	266.50	2.688	2.2168	7.9727	0.39	0.71	78.55	39.62	42.11	True	no
215	Iron bcc (old)	11.52	3.8298	3	485.52	272.57	4.5597	1.4174	16.276	0.44	1.64	43.75	30.17	26.16	True	edge
216	Iron bcc (old)	7.16	3.0193	3	25.47	274.88	4.1206	1.8625	168.34	3.95	5.60	80.26	47.65	46.05	True	edge
217	Iron bcc (old)	15.56	4.451	6	51.05	273.94	8.9065	4.004	176.57	3.21	8.26	64.27	45.72	48.53	True	edge
218	Iron bcc (old)	14.52	4.2997	4	223.42	274.10	7.322	2.8999	178.55	1.09	2.37	316.96	35.60	49.71	True	edge
219	Iron bcc (old)	9.8	3.5324	3	506.02	273.82	4.7385	1.7995	177.14	0.49	1.39	232.09	47.83	27.41	True	edge
220	Iron bcc (old)	2.4	1.7481	1	466.97	273.67	2.1645	1.5331	20.184	0.51	1.25	220.26	47.55	36.28	True	no
221	Iron bcc (old)	9.6	3.4962	3	324.19	275.91	7.295	4.3538	2.116	0.31	0.84	229.97	44.91	38.72	True	edge
222	Iron bcc (old)	5.08	2.5432	3	250.42	276.20	4.2264	2.7616	1.5652	0.67	1.80	135.75	39.76	55.79	True	edge
